8 1 3 
4 7 2 
5 6 0 

8 1 3 
4 7 2 
5 0 6 

8 1 3 
4 0 2 
5 7 6 

8 1 3 
4 2 0 
5 7 6 

8 1 3 
4 2 6 
5 7 0 

8 1 3 
4 2 6 
5 0 7 

8 1 3 
4 2 6 
0 5 7 

8 1 3 
0 2 6 
4 5 7 

0 1 3 
8 2 6 
4 5 7 

1 0 3 
8 2 6 
4 5 7 

1 2 3 
8 0 6 
4 5 7 

1 2 3 
8 5 6 
4 0 7 

1 2 3 
8 5 6 
4 7 0 

1 2 3 
8 5 0 
4 7 6 

1 2 3 
8 0 5 
4 7 6 

1 2 3 
0 8 5 
4 7 6 

1 2 3 
4 8 5 
0 7 6 

1 2 3 
4 8 5 
7 0 6 

1 2 3 
4 0 5 
7 8 6 

1 2 3 
4 5 0 
7 8 6 

1 2 3 
4 5 6 
7 8 0 

